3.8002 2.4534
-10.2783 0.2859
3.1612 3.3690
-5.5540 -13.3016
-9.4296 -11.8803
-4.8806 10.4182
-3.5133 -0.1216
2.9082 -14.2871
-1.6446 -3.0697
5.9679 9.9295
11.7986 -5.6903
8.1127 10.2111
1.7569 0.5186
-3.2853 2.6324
-2.4000 1.4622
-3.5133 -0.1216
-2.9757 -1.5796
2.5325 3.0672
-5.5540 -13.3016
10.7782 -2.7516
-3.7347 -1.6082
11.9126 0.2844
-1.0037 -1.7027
0.2774 0.1677
2.1761 -2.9434
11.7955 -0.6237
1.2046 0.5327
-14.0372 4.3083
-1.0037 -1.7027
0.8767 3.8878
-0.8867 0.1948
1.2960 10.6887
2.1761 -2.9434
-3.5018 -0.8113
-2.5199 3.3636
1.2960 10.6887
-0.7505 0.4656
1.2031 13.7469
-1.9537 -1.0523
-0.6749 12.4802
13.4358 7.2966
-14.2041 -3.4945
5.2752 12.8166
3.8700 2.0477
3.2809 2.9012
13.4308 -6.4078
1.2960 10.6887
-2.5882 -2.4295
4.4372 -10.9654
2.3700 -9.7278
-0.2568 -12.0907
-1.9996 -14.1770
-2.3148 -1.3860
10.8010 -2.5772
1.1228 -2.0186
-2.5440 -2.5684
-2.7765 1.6153
-2.6202 2.8626
2.8875 -0.2144
-14.2041 -3.4945
11.2380 10.7721
-3.2438 0.1748
-3.3797 3.2411
1.9788 -2.5223
-3.6131 -1.3299
1.9012 0.9898
2.9082 -14.2871
-3.9586 0.0571
3.8002 2.4534
0.9527 3.0580
-5.5540 -13.3016
-3.2730 3.7814
3.2809 2.9012
-3.3797 3.2411
-3.7347 -1.6082
12.7410 7.6121
11.9886 -7.2911
15.0950 4.3196
-2.5440 -2.5684
3.2320 -0.5882
-1.9537 -1.0523
-8.1663 -9.4309
2.5325 3.0672
-1.0037 -1.7027
-1.5953 2.7254
-9.0433 -8.0838
-2.9757 -1.5796
-9.6961 6.0031
1.9012 3.3326
-9.9677 -7.7301
-2.7765 1.6153
-8.3187 -9.0107
1.7569 0.5186
12.7410 7.6121
5.2752 12.8166
1.2046 0.5327
-3.2438 0.1748
0.8767 3.8878
1.5467 -3.7530
1.9012 0.9898
-3.5133 -0.1216
1.7569 0.5186
-12.5689 -3.6607
-3.7347 -1.6082
-1.6446 -3.0697
3.1612 3.3690
-3.6131 -1.3299
2.8875 -0.2144
12.1793 -2.0449
-10.2783 0.2859
-2.1248 -0.2625
1.1228 -2.0186
-0.2568 -12.0907
-1.9537 -1.0523
-2.4000 1.4622
11.9126 0.2844
15.0950 4.3196
-3.6131 -1.3299
1.7569 0.5186
-3.5018 -0.8113
10.8010 -2.5772
-9.0433 -8.0838
1.0445 -3.7167
0.9527 3.0580
-14.2041 -3.4945
-3.7347 -1.6082
-0.7891 3.4564
1.9012 3.3326
2.7594 -3.4364
1.2031 13.7469
13.4308 -6.4078
0.3726 0.5789
-2.3148 -1.3860
6.2146 -14.4491
11.2380 10.7721
10.7782 -2.7516
1.7569 0.5186
-8.3187 -9.0107
2.8875 -0.2144
-0.5706 0.8423
1.0445 -3.7167
13.4308 -6.4078
-1.9786 1.2749
1.0445 -3.7167
1.5467 -3.7530
-2.7765 1.6153
0.6387 1.3909
-12.9012 1.3657
1.9788 -2.5223
10.7782 -2.7516
-9.6961 6.0031
11.7955 -0.6237
-9.4296 -11.8803
11.2380 10.7721
-2.1248 -0.2625
2.8875 -0.2144
2.8875 -0.2144
-0.6641 -2.2530
5.9679 9.9295
-10.2783 0.2859
-0.6749 12.4802
-1.0037 -1.7027
-9.4296 -11.8803
-8.1663 -9.4309
-9.0433 -8.0838
0.8767 3.8878
3.2320 -0.5882
3.0401 -1.2044
10.7782 -2.7516
-2.2344 -3.6258
3.8303 13.9523
-0.8867 0.1948
-1.6299 -2.0967
-3.3797 3.2411
-10.2783 0.2859
-14.2041 -3.4945
-8.1663 -9.4309
-2.7765 1.6153
10.8010 -2.5772
5.2752 12.8166
-1.6446 -3.0697
11.7986 -5.6903
-3.8895 -1.5125
-2.2982 1.3528
11.7986 -5.6903
1.2046 0.5327
1.0445 -3.7167
-9.6961 6.0031
-14.0372 4.3083
1.9788 -2.5223
15.0950 4.3196
-3.6131 -1.3299
-1.5804 -1.1631
-3.3797 3.2411
6.2146 -14.4491
0.8767 3.8878
11.9126 0.2844
3.0094 2.1778
0.6387 1.3909
-3.8895 -1.5125
2.6126 1.2071
1.9012 0.9898
-2.1875 -13.0250
3.8700 2.0477
4.4372 -10.9654
-2.3148 -1.3860
0.3726 0.5789
-14.2041 -3.4945
1.2031 13.7469
-1.5953 2.7254
-9.9677 -7.7301
-0.6641 -2.2530
1.1228 -2.0186
2.6126 1.2071
3.8002 2.4534
0.9527 3.0580
-2.9757 -1.5796
-12.5689 -3.6607
11.9126 0.2844
5.9679 9.9295
-1.5804 -1.1631
11.9886 -7.2911
15.0950 4.3196
12.7410 7.6121
2.5325 3.0672
12.1793 -2.0449
-1.0037 -1.7027
-2.5199 3.3636
-2.4000 1.4622
-2.3148 -1.3860
-9.9677 -7.7301
2.6126 1.2071
-12.5689 -3.6607
-10.2783 0.2859
-2.1875 -13.0250
3.8002 2.4534
3.8303 13.9523
-9.6961 6.0031
-8.3187 -9.0107
0.3726 0.5789
1.5467 -3.7530
0.6387 1.3909
-3.2853 2.6324
-1.9786 1.2749
0.2774 0.1677
-3.5018 -0.8113
12.1793 -2.0449
-12.8734 8.9382
-3.5018 -0.8113
1.9788 -2.5223
-2.1875 -13.0250
-0.5706 0.8423
3.8303 13.9523
-0.8867 0.1948
-0.8867 0.1948
-12.9012 1.3657
-1.9996 -14.1770
0.9527 3.0580
1.5467 -3.7530
-3.9586 0.0571
-12.8734 8.9382
-1.6299 -2.0967
0.3726 0.5789
3.8303 13.9523
-3.8895 -1.5125
3.2320 -0.5882
-0.5706 0.8423
-1.5804 -1.1631
-12.9012 1.3657
-14.0372 4.3083
10.8010 -2.5772
6.2146 -14.4491
-3.7347 -1.6082
0.2774 0.1677
-2.5882 -2.4295
-12.8734 8.9382
-1.9786 1.2749
-9.0433 -8.0838
11.2380 10.7721
-2.6842 1.4043
-2.4000 1.4622
1.1228 -2.0186
2.7594 -3.4364
1.9012 3.3326
-1.9996 -14.1770
2.9082 -14.2871
3.0094 2.1778
13.4358 7.2966
-3.6131 -1.3299
1.2031 13.7469
-2.6202 2.8626
-0.7891 3.4564
1.9012 3.3326
11.9126 0.2844
-3.8895 -1.5125
-2.5199 3.3636
-12.5689 -3.6607
11.9886 -7.2911
-5.5540 -13.3016
-3.7438 0.4934
0.6387 1.3909
2.7594 -3.4364
2.1761 -2.9434
-2.2344 -3.6258
3.1612 3.3690
-2.9757 -1.5796
4.4372 -10.9654
3.2809 2.9012
1.2046 0.5327
-2.3148 -1.3860
11.7955 -0.6237
3.8002 2.4534
3.0094 2.1778
-1.9786 1.2749
-2.1248 -0.2625
13.4358 7.2966
-5.5540 -13.3016
-1.6446 -3.0697
2.3700 -9.7278
-12.8734 8.9382
-1.9537 -1.0523
-2.6202 2.8626
11.5982 -0.8388
2.1761 -2.9434
-8.3187 -9.0107
11.5982 -0.8388
-1.9786 1.2749
1.9788 -2.5223
10.8010 -2.5772
-2.5440 -2.5684
10.7782 -2.7516
2.7594 -3.4364
2.9082 -14.2871
3.0094 2.1778
11.5982 -0.8388
0.8767 3.8878
-9.9677 -7.7301
-2.1875 -13.0250
4.4372 -10.9654
3.0401 -1.2044
-14.0372 4.3083
2.1761 -2.9434
-2.5199 3.3636
5.9679 9.9295
-0.2568 -12.0907
12.7410 7.6121
-3.5018 -0.8113
-2.1875 -13.0250
2.9082 -14.2871
12.1793 -2.0449
11.5982 -0.8388
-1.9996 -14.1770
11.7986 -5.6903
5.2752 12.8166
-4.8806 10.4182
-9.0433 -8.0838
-9.9677 -7.7301
-2.1248 -0.2625
2.7594 -3.4364
-2.4000 1.4622
-2.5199 3.3636
1.2031 13.7469
-2.5440 -2.5684
-0.6749 12.4802
3.0401 -1.2044
-3.9586 0.0571
2.3700 -9.7278
-2.1248 -0.2625
11.5982 -0.8388
-3.2730 3.7814
-1.5804 -1.1631
4.4372 -10.9654
-2.2344 -3.6258
-8.1663 -9.4309
0.2774 0.1677
-1.5804 -1.1631
2.6126 1.2071
8.1127 10.2111
-4.8806 10.4182
-3.7438 0.4934
13.4358 7.2966
1.9012 0.9898
-2.6842 1.4043
-1.6446 -3.0697
-3.3797 3.2411
-3.5133 -0.1216
-9.4296 -11.8803
11.7955 -0.6237
13.4308 -6.4078
1.9012 3.3326
-0.7505 0.4656
3.2320 -0.5882
-4.8806 10.4182
-2.2982 1.3528
13.4358 7.2966
-0.6749 12.4802
2.3700 -9.7278
-3.7438 0.4934
-9.4296 -11.8803
-0.6749 12.4802
